8.821487426757812e-05
0.0003070831298828125
0.0003590583801269531
0.0008406639099121094
0.0005066394805908203
0.0005009174346923828
0.0006012916564941406
0.0007054805755615234
0.0006968975067138672
0.0007457733154296875
0.0007390975952148438
0.0019991397857666016
0.0008318424224853516
0.0009768009185791016
0.0010242462158203125
0.0010008811950683594
0.0011248588562011719
0.0023005008697509766
0.0017745494842529297
0.001268625259399414
0.0013506412506103516
0.011777877807617188
0.0024504661560058594
0.0027675628662109375
0.00159454345703125
0.0052356719970703125
0.0040988922119140625
0.0042798519134521484
0.005002021789550781
0.005254030227661133
0.004271030426025391
0.00864410400390625
0.004424333572387695
0.00401616096496582
0.00904226303100586
0.16396784782409668
0.008690834045410156
0.004434823989868164
0.00674128532409668
0.02373218536376953
0.007333993911743164
0.19888567924499512
0.10701942443847656
0.28723978996276855
0.11484289169311523
0.0365757942199707
6.789376497268677
0.14383769035339355
0.24357295036315918
0.18989062309265137
7.128715515136719e-05
0.00028133392333984375
0.0003323554992675781
0.00038552284240722656
0.00043654441833496094
0.0005393028259277344
0.0005261898040771484
0.0008552074432373047
0.00063323974609375
0.0009160041809082031
0.0007328987121582031
0.0008654594421386719
0.0013055801391601562
0.001153707504272461
0.0009517669677734375
0.0015106201171875
0.0010721683502197266
0.0029287338256835938
0.002237081527709961
0.0012977123260498047
0.0020520687103271484
0.001413583755493164
0.00450897216796875
0.0015900135040283203
0.0027756690979003906
0.0016334056854248047
0.00397491455078125
0.00663447380065918
0.0018765926361083984
0.002896547317504883
0.0025746822357177734
0.004453182220458984
0.002788543701171875
0.014334440231323242
0.004977703094482422
0.005514860153198242
0.022131919860839844
0.026349544525146484
0.005440711975097656
0.005666255950927734
0.006707906723022461
0.2104015350341797
0.005105495452880859
0.0603182315826416
0.00516057014465332
0.0051021575927734375
0.007487058639526367
0.13530683517456055
0.23224234580993652
0.2978551387786865
0.011358499526977539
0.8445553779602051
0.2444612979888916
0.021790266036987305
0.37223076820373535
0.1753373146057129
1.2285902500152588
0.400587797164917
0.49563074111938477
7.176399230957031e-05
0.00031757354736328125
0.00033164024353027344
0.0003895759582519531
0.00043582916259765625
0.0004978179931640625
0.0015385150909423828
0.0005834102630615234
0.000637054443359375
0.0006887912750244141
0.0007951259613037109
0.0008103847503662109
0.002621173858642578
0.0011165142059326172
0.0009961128234863281
0.0013957023620605469
0.0011293888092041016
0.0029158592224121094
0.0011959075927734375
0.005492210388183594
0.0030503273010253906
0.0055468082427978516
0.002000093460083008
0.002460956573486328
0.008293390274047852
0.0037631988525390625
0.003865480422973633
0.004286766052246094
0.0029647350311279297
0.012497901916503906
0.0030982494354248047
0.0057299137115478516
0.0033190250396728516
0.0023741722106933594
0.00468754768371582
0.06329631805419922
0.004840850830078125
0.05731773376464844
0.025394916534423828
0.011432886123657227
0.04035806655883789
0.004611968994140625
0.07478165626525879
0.021559476852416992
0.060600996017456055
0.01331019401550293
0.461101770401001
0.40310168266296387
0.6663534641265869
2.8464245796203613
3.4757537841796875
0.5958104133605957
0.06322050094604492
0.13741755485534668
1.4605696201324463
24.71978735923767
94.72135424613953
